#Frame            VAC
   1.000     207.2126
   1.020      -8.5174
   1.040     -21.5933
   1.060     -31.2020
   1.080     -25.7260
   1.100     -12.8391
   1.120      -3.9806
   1.140      -0.4256
   1.160       0.6226
   1.180       1.2673
   1.200       1.5479
   1.220       1.3398
   1.240       0.6012
   1.260      -0.1627
   1.280      -0.2961
   1.300       0.1255
   1.320       0.4718
   1.340       0.4399
   1.360       0.3290
   1.380       0.2406
   1.400       0.3554
   1.420       0.3773
   1.440       0.2911
   1.460       0.1427
   1.480      -0.0969
   1.500      -0.0038
   1.520       0.0656
   1.540      -0.2035
   1.560      -0.1395
   1.580      -0.0037
   1.600       0.0354
   1.620      -0.0569
   1.640       0.0201
   1.660      -0.0245
   1.680      -0.1270
   1.700      -0.1779
   1.720      -0.1564
   1.740      -0.0139
   1.760       0.1229
   1.780       0.0102
   1.800      -0.0923
   1.820       0.1743
   1.840       0.0819
   1.860      -0.1431
   1.880      -0.1110
   1.900      -0.0647
   1.920       0.1861
   1.940      -0.0363
   1.960       0.0304
   1.980       0.0322
   2.000       0.1335
   2.020       0.1782
   2.040      -0.0380
   2.060      -0.2419
   2.080      -0.2223
   2.100       0.1248
   2.120       0.1330
   2.140       0.0508
   2.160      -0.3795
   2.180      -0.2280
   2.200       0.0390
   2.220       0.0912
   2.240       0.0351
   2.260      -0.3199
   2.280      -0.1247
   2.300       0.0695
   2.320       0.2466
   2.340       0.2745
   2.360       0.0270
   2.380      -0.0896
   2.400       0.1300
   2.420       0.1556
   2.440       0.0912
   2.460       0.0405
   2.480      -0.1338
   2.500      -0.1633
   2.520      -0.0760
   2.540      -0.1625
   2.560       0.0556
   2.580       0.0438
   2.600      -0.0461
   2.620       0.0171
   2.640      -0.0340
   2.660      -0.0939
   2.680      -0.4956
   2.700      -0.0786
   2.720       0.0988
   2.740       0.2633
   2.760       0.1045
   2.780       0.4136
   2.800      -0.0464
   2.820      -0.0585
   2.840      -0.0573
   2.860      -0.3616
   2.880      -0.4464
   2.900       0.1566
   2.920       0.1293
   2.940       0.1554
   2.960      -0.2161
   2.980      -0.1793
   3.000      -0.1761
   3.020      -0.1312
   3.040      -0.2262
   3.060      -0.1821
   3.080       0.0367
   3.100       0.3307
   3.120       0.0641
   3.140       0.3785
   3.160       0.1344
   3.180      -0.0116
   3.200      -0.1361
   3.220      -0.1058
   3.240      -0.1080
   3.260       0.0291
   3.280      -0.0420
   3.300      -0.0643
   3.320       0.0957
   3.340       0.0829
   3.360      -0.2676
   3.380      -0.2001
   3.400      -0.0267
   3.420       0.0465
   3.440       0.2849
   3.460       0.0430
   3.480      -0.0947
   3.500      -0.1031
   3.520      -0.0787
   3.540      -0.2400
   3.560      -0.0035
   3.580       0.1996
   3.600       0.3822
   3.620       0.3861
   3.640      -0.0998
   3.660      -0.0504
   3.680      -0.0300
   3.700      -0.3240
   3.720      -0.0532
   3.740      -0.0878
   3.760       0.2318
   3.780       0.0440
   3.800       0.0787
   3.820      -0.1751
   3.840      -0.0570
   3.860      -0.1029
   3.880       0.0183
   3.900       0.0591
   3.920       0.1291
   3.940       0.0063
   3.960      -0.0003
   3.980      -0.0192
   4.000      -0.1163
   4.020       0.1249
   4.040      -0.0940
   4.060       0.0393
   4.080       0.0138
   4.100      -0.0603
   4.120      -0.0727
   4.140       0.0598
   4.160      -0.0478
   4.180       0.0942
   4.200       0.2221
   4.220       0.2526
   4.240       0.0048
   4.260      -0.3124
   4.280      -0.2530
   4.300      -0.1092
   4.320       0.1833
   4.340      -0.0094
   4.360      -0.0255
   4.380      -0.0954
   4.400       0.1184
   4.420      -0.1147
   4.440      -0.0312
   4.460      -0.2488
   4.480      -0.0268
   4.500      -0.0985
   4.520       0.0501
   4.540       0.0441
   4.560       0.0982
   4.580       0.1859
   4.600       0.1335
   4.620      -0.0032
   4.640      -0.0815
   4.660       0.0825
   4.680       0.0893
   4.700      -0.0018
   4.720      -0.0212
   4.740      -0.1140
   4.760       0.1219
   4.780      -0.0257
   4.800       0.0470
   4.820      -0.0597
   4.840       0.0877
   4.860      -0.0915
   4.880      -0.1098
   4.900      -0.3991
   4.920      -0.3322
   4.940       0.0579
   4.960       0.1232
   4.980       0.2997
   5.000       0.0778
   5.020       0.1769
   5.040      -0.1284
   5.060       0.0146
   5.080       0.0902
   5.100       0.1166
   5.120       0.1132
   5.140       0.0980
   5.160      -0.1366
   5.180       0.0108
   5.200      -0.0535
   5.220      -0.0266
   5.240      -0.1706
   5.260       0.0810
   5.280       0.2118
   5.300       0.1512
   5.320      -0.0036
   5.340       0.1867
   5.360       0.1105
   5.380       0.1690
   5.400      -0.0278
   5.420      -0.1696
   5.440      -0.0641
   5.460      -0.1227
   5.480      -0.0884
   5.500      -0.0060
   5.520       0.0790
   5.540       0.0295
   5.560       0.0659
   5.580      -0.0093
   5.600       0.2144
   5.620       0.0697
   5.640       0.0509
   5.660      -0.0496
   5.680       0.0172
   5.700      -0.0951
   5.720       0.0141
   5.740       0.0207
   5.760       0.0417
   5.780       0.1379
   5.800      -0.0352
   5.820       0.2481
   5.840      -0.1595
   5.860      -0.2188
   5.880       0.0091
   5.900      -0.0745
   5.920      -0.1625
   5.940      -0.0867
   5.960       0.0834
   5.980       0.0327
   6.000       0.2277
   6.020       0.1659
   6.040       0.0019
   6.060       0.0289
   6.080      -0.0374
   6.100       0.0945
   6.120       0.2172
   6.140      -0.0667
   6.160      -0.3107
   6.180       0.0040
   6.200      -0.0129
   6.220       0.0642
   6.240      -0.0003
   6.260       0.0654
   6.280       0.1984
   6.300      -0.1343
   6.320      -0.0173
   6.340       0.1805
   6.360       0.0469
   6.380       0.0201
   6.400      -0.1305
   6.420      -0.0151
   6.440       0.0062
   6.460      -0.0638
   6.480       0.0289
   6.500      -0.1326
   6.520       0.0398
   6.540       0.1565
   6.560       0.1465
   6.580      -0.0739
   6.600      -0.0298
   6.620      -0.1298
   6.640      -0.0093
   6.660       0.2920
   6.680       0.1862
   6.700       0.0460
   6.720      -0.1000
   6.740      -0.1333
   6.760      -0.2397
   6.780      -0.0005
   6.800       0.0138
   6.820       0.2495
   6.840      -0.0954
   6.860      -0.0985
   6.880      -0.0042
   6.900       0.2873
   6.920       0.2543
   6.940      -0.2719
   6.960      -0.1521
   6.980      -0.2977
   7.000      -0.1606
   7.020       0.0673
   7.040       0.1370
   7.060      -0.0158
   7.080       0.1155
   7.100       0.2146
   7.120       0.0115
   7.140      -0.1733
   7.160      -0.1610
   7.180      -0.1911
   7.200      -0.1297
   7.220      -0.0978
   7.240       0.0668
   7.260       0.0262
   7.280       0.0949
   7.300      -0.0398
   7.320      -0.0878
   7.340       0.1072
   7.360       0.2291
   7.380       0.0614
   7.400      -0.0742
   7.420      -0.3353
   7.440      -0.3355
   7.460       0.0933
   7.480      -0.0029
   7.500      -0.1269
   7.520       0.2754
   7.540       0.0268
   7.560      -0.0440
   7.580      -0.0091
   7.600       0.1495
   7.620       0.1724
   7.640       0.0611
   7.660       0.0458
   7.680      -0.1985
   7.700      -0.1448
   7.720      -0.1535
   7.740      -0.0657
   7.760       0.1592
   7.780       0.0579
   7.800       0.0787
   7.820       0.0615
   7.840       0.3205
   7.860       0.2037
   7.880      -0.0211
   7.900      -0.2008
   7.920      -0.1561
   7.940       0.1018
   7.960       0.0987
   7.980       0.0145
   8.000      -0.0173
   8.020      -0.0931
   8.040      -0.2413
   8.060      -0.2708
   8.080      -0.0397
   8.100       0.1753
   8.120       0.1165
   8.140       0.0757
   8.160       0.0416
   8.180       0.0642
   8.200       0.0978
   8.220       0.1818
   8.240      -0.1188
   8.260      -0.0019
   8.280      -0.0555
   8.300      -0.0461
   8.320       0.2120
   8.340       0.1054
   8.360      -0.2310
   8.380      -0.2092
   8.400      -0.0376
   8.420      -0.0462
   8.440      -0.0265
   8.460      -0.1265
   8.480       0.0555
   8.500       0.1125
   8.520      -0.0107
   8.540       0.1125
   8.560       0.0979
   8.580      -0.0377
   8.600      -0.1503
   8.620       0.0663
   8.640      -0.1143
   8.660      -0.0026
   8.680       0.0932
   8.700      -0.0304
   8.720      -0.1454
   8.740       0.0684
   8.760      -0.0882
   8.780       0.1821
   8.800       0.1405
   8.820       0.0299
   8.840       0.0144
   8.860       0.1489
   8.880      -0.0947
   8.900      -0.2846
   8.920      -0.3886
   8.940      -0.1330
   8.960       0.1898
   8.980       0.6197
   9.000       0.3377
   9.020       0.1974
   9.040      -0.2881
   9.060      -0.3241
   9.080      -0.2648
   9.100      -0.2342
   9.120       0.0672
   9.140       0.1155
   9.160       0.1198
   9.180      -0.1244
   9.200       0.1218
   9.220       0.1031
   9.240       0.0400
   9.260       0.0480
   9.280       0.1313
   9.300       0.0584
   9.320      -0.0754
   9.340       0.1055
   9.360      -0.0660
   9.380      -0.0259
   9.400      -0.1150
   9.420      -0.1249
   9.440      -0.0773
   9.460      -0.1221
   9.480      -0.0242
   9.500       0.0577
   9.520       0.0175
   9.540       0.0806
   9.560      -0.1639
   9.580      -0.1928
   9.600      -0.1537
   9.620       0.0038
   9.640      -0.0934
   9.660       0.1568
   9.680       0.1202
   9.700       0.2388
   9.720       0.0118
   9.740      -0.0128
   9.760      -0.2610
   9.780      -0.1466
   9.800      -0.0185
   9.820       0.0760
   9.840       0.1010
   9.860       0.0079
   9.880       0.1373
   9.900      -0.1683
   9.920      -0.0643
   9.940      -0.0993
   9.960       0.0118
   9.980       0.0373
  10.000      -0.1761
  10.020       0.0470
  10.040      -0.1451
  10.060       0.0543
  10.080      -0.1574
  10.100      -0.0363
  10.120      -0.0787
  10.140       0.0892
  10.160       0.0735
  10.180       0.0381
  10.200       0.1395
  10.220       0.1892
  10.240       0.1198
  10.260       0.0384
  10.280      -0.0959
  10.300      -0.0850
  10.320      -0.2330
  10.340      -0.0765
  10.360      -0.0322
  10.380      -0.1001
  10.400      -0.2063
  10.420      -0.1138
  10.440       0.0522
  10.460       0.1551
  10.480       0.1308
  10.500       0.1520
  10.520       0.0132
  10.540      -0.0372
  10.560       0.0804
  10.580       0.0091
  10.600       0.0773
  10.620       0.0501
  10.640      -0.0524
  10.660      -0.1268
  10.680       0.0042
  10.700      -0.1028
  10.720      -0.1103
  10.740      -0.1931
  10.760      -0.0305
  10.780      -0.1634
  10.800       0.2465
  10.820       0.1529
  10.840      -0.0303
  10.860       0.0803
  10.880       0.0034
  10.900       0.0221
  10.920       0.0471
  10.940      -0.0652
  10.960       0.1128
  10.980      -0.0615
  11.000       0.0714
  11.020      -0.3326
  11.040      -0.2128
  11.060      -0.0627
  11.080       0.2973
  11.100       0.1728
  11.120       0.0379
  11.140       0.0198
  11.160       0.1907
  11.180       0.0940
  11.200      -0.1949
  11.220      -0.5389
  11.240      -0.3001
  11.260       0.1673
  11.280       0.3641
  11.300       0.1717
  11.320       0.2171
  11.340       0.1001
  11.360      -0.1994
  11.380      -0.3528
  11.400      -0.0284
  11.420       0.1118
  11.440       0.1145
  11.460       0.0267
  11.480      -0.1751
  11.500      -0.1146
  11.520       0.1379
  11.540       0.1099
  11.560      -0.0148
  11.580      -0.2200
  11.600      -0.3304
  11.620       0.1237
  11.640       0.3013
  11.660       0.3242
  11.680       0.0146
  11.700      -0.1760
  11.720       0.1753
  11.740       0.1348
  11.760       0.0120
  11.780      -0.1175
  11.800      -0.1757
  11.820      -0.1852
  11.840      -0.1365
  11.860      -0.1774
  11.880      -0.0295
  11.900      -0.0580
  11.920       0.0235
  11.940      -0.0199
  11.960       0.0857
  11.980       0.1053
  12.000       0.2371
  12.020       0.3759
  12.040       0.1514
  12.060       0.1449
  12.080       0.0733
  12.100       0.2557
  12.120      -0.2432
  12.140      -0.1788
  12.160      -0.2340
  12.180      -0.3953
  12.200      -0.0287
  12.220      -0.0095
  12.240      -0.1847
  12.260       0.1651
  12.280       0.1807
  12.300       0.1440
  12.320       0.1794
  12.340       0.1326
  12.360       0.2041
  12.380       0.0405
  12.400       0.0501
  12.420       0.0744
  12.440      -0.0372
  12.460      -0.1175
  12.480      -0.0901
  12.500      -0.2250
  12.520      -0.0481
  12.540       0.0995
  12.560      -0.0064
  12.580       0.1025
  12.600       0.2495
  12.620       0.0139
  12.640      -0.0052
  12.660       0.0938
  12.680      -0.0315
  12.700      -0.1249
  12.720      -0.0002
  12.740      -0.0776
  12.760       0.0519
  12.780       0.0918
  12.800      -0.0043
  12.820       0.0822
  12.840       0.0473
  12.860       0.2519
  12.880       0.1647
  12.900      -0.1405
  12.920      -0.2077
  12.940      -0.1142
  12.960       0.0152
  12.980       0.1672
  13.000      -0.1004
  13.020      -0.0101
  13.040       0.1744
  13.060       0.0931
  13.080       0.0436
  13.100      -0.1493
  13.120      -0.1125
  13.140       0.0030
  13.160       0.1216
  13.180      -0.0273
  13.200       0.4221
  13.220       0.1989
  13.240      -0.0564
  13.260      -0.1491
  13.280      -0.2421
  13.300      -0.1908
  13.320       0.0059
  13.340       0.1515
  13.360       0.0457
  13.380      -0.0534
  13.400      -0.0795
  13.420      -0.0042
  13.440       0.1947
  13.460       0.1593
  13.480       0.2180
  13.500       0.0088
  13.520       0.0469
  13.540       0.0956
  13.560      -0.1915
  13.580      -0.3165
  13.600      -0.0117
  13.620      -0.0817
  13.640      -0.0209
  13.660      -0.0242
  13.680       0.0234
  13.700       0.0473
  13.720       0.0928
  13.740       0.0213
  13.760       0.2716
  13.780      -0.0271
  13.800      -0.1457
  13.820      -0.0864
  13.840       0.1105
  13.860       0.0888
  13.880      -0.0607
  13.900       0.0786
  13.920       0.1435
  13.940       0.0125
  13.960      -0.1419
  13.980       0.0407
  14.000      -0.1142
  14.020       0.0228
  14.040      -0.0319
  14.060       0.0945
  14.080       0.0680
  14.100       0.0845
  14.120      -0.1156
  14.140      -0.2944
  14.160      -0.0413
  14.180      -0.0755
  14.200       0.1312
  14.220       0.0295
  14.240      -0.0112
  14.260       0.1673
  14.280       0.1189
  14.300       0.1612
  14.320      -0.0209
  14.340      -0.0388
  14.360      -0.2139
  14.380       0.1044
  14.400       0.2150
  14.420      -0.0010
  14.440      -0.2266
  14.460      -0.1343
  14.480       0.0507
  14.500       0.3258
  14.520      -0.0274
  14.540      -0.1890
  14.560      -0.1603
  14.580      -0.0935
  14.600      -0.0227
  14.620      -0.0345
  14.640      -0.0320
  14.660       0.1454
  14.680       0.1254
  14.700       0.1306
  14.720       0.1233
  14.740       0.0173
  14.760      -0.0354
  14.780      -0.2391
  14.800      -0.2872
  14.820      -0.1236
  14.840       0.1645
  14.860       0.1624
  14.880      -0.0374
  14.900      -0.0913
  14.920      -0.2262
  14.940       0.2544
  14.960       0.1244
  14.980      -0.1558
  15.000      -0.0710
  15.020      -0.0180
  15.040       0.0339
  15.060       0.1238
  15.080       0.0910
  15.100      -0.0167
  15.120      -0.2243
  15.140      -0.2787
  15.160       0.1041
  15.180       0.1972
  15.200      -0.2042
  15.220      -0.0670
  15.240       0.0358
  15.260       0.1065
  15.280      -0.1480
  15.300      -0.0363
  15.320      -0.2544
  15.340      -0.0039
  15.360      -0.0323
  15.380       0.5497
  15.400       0.2637
  15.420       0.0419
  15.440      -0.2616
  15.460      -0.1652
  15.480       0.0571
  15.500       0.0575
  15.520      -0.0894
  15.540       0.0886
  15.560      -0.0963
  15.580      -0.0969
  15.600      -0.2067
  15.620      -0.0253
  15.640      -0.0575
  15.660       0.2853
  15.680       0.4910
  15.700       0.0763
  15.720      -0.1541
  15.740      -0.2018
  15.760      -0.3739
  15.780      -0.2603
  15.800       0.1717
  15.820       0.2546
  15.840       0.1988
  15.860       0.0477
  15.880      -0.3033
  15.900      -0.0889
  15.920      -0.0726
  15.940       0.0778
  15.960      -0.0197
  15.980      -0.1173
  16.000      -0.0498
  16.020       0.0442
  16.040       0.2185
  16.060       0.0966
  16.080       0.0794
  16.100      -0.2668
  16.120      -0.0245
  16.140      -0.0768
  16.160      -0.1077
  16.180      -0.0726
  16.200      -0.2217
  16.220      -0.2057
  16.240      -0.1824
  16.260      -0.2210
  16.280       0.3688
  16.300       0.0753
  16.320       0.1726
  16.340       0.1724
  16.360       0.1727
  16.380      -0.0680
  16.400      -0.1896
  16.420      -0.1472
  16.440      -0.1280
  16.460      -0.0226
  16.480      -0.1298
  16.500      -0.0167
  16.520       0.0815
  16.540       0.1943
  16.560       0.2258
  16.580       0.1251
  16.600      -0.0766
  16.620       0.0013
  16.640      -0.1589
  16.660      -0.2340
  16.680      -0.2532
  16.700      -0.1454
  16.720       0.1497
  16.740       0.0562
  16.760      -0.0529
  16.780       0.2427
  16.800       0.0376
  16.820       0.1824
  16.840      -0.2862
  16.860      -0.2515
  16.880      -0.1565
  16.900      -0.0278
  16.920       0.0027
  16.940      -0.0809
  16.960      -0.2753
  16.980      -0.0590
  17.000       0.1766
  17.020       0.2272
  17.040       0.1697
  17.060       0.0769
  17.080      -0.0248
  17.100      -0.0228
  17.120       0.1480
  17.140      -0.0699
  17.160      -0.1848
  17.180      -0.1712
  17.200      -0.1355
  17.220      -0.0655
  17.240      -0.0397
  17.260       0.0761
  17.280       0.1249
  17.300      -0.0023
  17.320       0.0336
  17.340      -0.0185
  17.360       0.0222
  17.380       0.0626
  17.400       0.0076
  17.420       0.2545
  17.440      -0.0250
  17.460      -0.1508
  17.480      -0.2635
  17.500      -0.1541
  17.520      -0.2365
  17.540      -0.0838
  17.560       0.1795
  17.580       0.1254
  17.600       0.1417
  17.620       0.0592
  17.640       0.0598
  17.660      -0.1278
  17.680       0.0280
  17.700       0.0938
  17.720       0.1498
  17.740       0.1738
  17.760       0.0240
  17.780       0.0071
  17.800      -0.1857
  17.820      -0.2798
  17.840      -0.1262
  17.860       0.1090
  17.880       0.0049
  17.900       0.0260
  17.920       0.1432
  17.940       0.0024
  17.960      -0.0686
  17.980      -0.3076
  18.000      -0.2150
  18.020       0.0356
  18.040       0.4118
  18.060       0.3058
  18.080       0.1123
  18.100      -0.0582
  18.120      -0.4566
  18.140      -0.1232
  18.160       0.1477
  18.180       0.1203
  18.200       0.1582
  18.220      -0.1988
  18.240      -0.1547
  18.260      -0.1787
  18.280       0.0104
  18.300       0.2059
  18.320       0.0624
  18.340      -0.0677
  18.360      -0.0182
  18.380      -0.0444
  18.400       0.2378
  18.420      -0.0208
  18.440       0.1544
  18.460      -0.1508
  18.480      -0.0301
  18.500      -0.1093
  18.520       0.0421
  18.540      -0.2085
  18.560      -0.3483
  18.580      -0.2139
  18.600      -0.0852
  18.620       0.2446
  18.640       0.5112
  18.660       0.2375
  18.680       0.3344
  18.700      -0.1177
  18.720      -0.0303
  18.740       0.0861
  18.760       0.1886
  18.780      -0.1669
  18.800      -0.6109
  18.820      -0.4906
  18.840      -0.2827
  18.860       0.1148
  18.880       0.2335
  18.900       0.3654
  18.920       0.2284
  18.940       0.1757
  18.960       0.0052
  18.980      -0.3869
  19.000      -0.1505
  19.020       0.0488
  19.040       0.1787
  19.060       0.3405
  19.080       0.1286
  19.100       0.2014
  19.120      -0.1247
  19.140      -0.1927
  19.160      -0.2275
  19.180       0.1957
  19.200      -0.0024
  19.220      -0.2656
  19.240      -0.1167
  19.260       0.1341
  19.280       0.2183
  19.300       0.3043
  19.320       0.0470
  19.340      -0.1361
  19.360      -0.3247
  19.380      -0.3050
  19.400       0.0846
  19.420       0.0686
  19.440      -0.1324
  19.460       0.1756
  19.480       0.2057
  19.500       0.4201
  19.520       0.0476
  19.540       0.0928
  19.560      -0.0911
  19.580      -0.0162
  19.600      -0.0887
  19.620      -0.2189
  19.640      -0.1741
  19.660      -0.1326
  19.680       0.0998
  19.700      -0.1338
  19.720       0.1901
  19.740       0.2225
  19.760       0.1621
  19.780      -0.0216
  19.800      -0.1543
  19.820      -0.0671
  19.840      -0.1218
  19.860       0.1511
  19.880      -0.1072
  19.900      -0.2204
  19.920      -0.1617
  19.940       0.0015
  19.960       0.0096
  19.980       0.0740
  20.000       0.1885
  20.020      -0.1073
  20.040      -0.1217
  20.060      -0.2042
  20.080      -0.0084
  20.100       0.1244
  20.120       0.0972
  20.140       0.1349
  20.160       0.2432
  20.180       0.1815
  20.200      -0.3338
  20.220      -0.1443
  20.240      -0.2088
  20.260      -0.0636
  20.280      -0.1051
  20.300      -0.1013
  20.320       0.0679
  20.340      -0.0325
  20.360      -0.1700
  20.380      -0.0974
  20.400      -0.0945
  20.420      -0.0371
  20.440      -0.0148
  20.460       0.0058
  20.480       0.0630
  20.500      -0.1302
  20.520      -0.0741
  20.540      -0.0294
  20.560       0.0895
  20.580       0.1994
  20.600       0.0468
  20.620      -0.0403
  20.640      -0.0646
  20.660      -0.0475
  20.680       0.0798
  20.700      -0.3093
  20.720      -0.2729
  20.740      -0.0500
  20.760      -0.0071
  20.780       0.1224
  20.800       0.0634
  20.820       0.3407
  20.840      -0.1367
  20.860      -0.2114
  20.880      -0.2292
  20.900       0.2848
  20.920       0.1807
  20.940      -0.1802
  20.960      -0.0880
  20.980      -0.1100
  21.000      -0.0633
  21.020       0.0286
  21.040       0.0872
  21.060       0.0026
  21.080       0.0423
  21.100      -0.0172
  21.120      -0.2674
  21.140      -0.1048
  21.160       0.2186
  21.180       0.1029
  21.200       0.1356
  21.220      -0.2229
  21.240      -0.0972
  21.260       0.0604
  21.280       0.1045
  21.300      -0.0695
  21.320      -0.1626
  21.340       0.0636
  21.360       0.1502
  21.380       0.0644
  21.400      -0.0434
  21.420       0.0637
  21.440      -0.1087
  21.460       0.1405
  21.480       0.1946
  21.500       0.3862
  21.520       0.1995
  21.540      -0.2345
  21.560       0.0122
  21.580      -0.0654
  21.600      -0.1980
  21.620      -0.2318
  21.640       0.1650
  21.660       0.1069
  21.680       0.2654
  21.700       0.0040
  21.720       0.1984
  21.740      -0.1817
  21.760      -0.0909
  21.780      -0.1551
  21.800      -0.0439
  21.820      -0.2117
  21.840       0.0500
  21.860       0.0485
  21.880       0.1004
  21.900       0.2363
  21.920       0.0596
  21.940       0.0144
  21.960      -0.0639
  21.980      -0.1586
  22.000      -0.0353
  22.020       0.1114
  22.040      -0.0938
  22.060       0.0659
  22.080       0.0465
  22.100      -0.0223
  22.120       0.0186
  22.140       0.2930
  22.160       0.2606
  22.180       0.5549
  22.200       0.0635
  22.220       0.0401
  22.240      -0.2397
  22.260      -0.0353
  22.280      -0.3574
  22.300      -0.0506
  22.320      -0.1354
  22.340       0.0745
  22.360       0.0842
  22.380       0.2436
  22.400      -0.0208
  22.420      -0.0077
  22.440      -0.2259
  22.460       0.0148
  22.480      -0.1092
  22.500      -0.0434
  22.520       0.1758
  22.540       0.2071
  22.560       0.2663
  22.580       0.2261
  22.600       0.0514
  22.620      -0.1535
  22.640      -0.1934
  22.660       0.1273
  22.680       0.2542
  22.700      -0.0647
  22.720      -0.0272
  22.740      -0.1514
  22.760       0.1533
  22.780       0.0784
  22.800      -0.1511
  22.820      -0.2702
  22.840       0.2119
  22.860       0.4256
  22.880       0.2204
  22.900       0.0643
  22.920      -0.2000
  22.940      -0.0892
  22.960      -0.2145
  22.980      -0.2930
  23.000      -0.1571
  23.020      -0.0024
  23.040      -0.0492
  23.060       0.3206
  23.080       0.3311
  23.100      -0.0350
  23.120      -0.0133
  23.140      -0.3846
  23.160       0.0558
  23.180       0.0091
  23.200       0.0465
  23.220       0.3819
  23.240      -0.0535
  23.260       0.0921
  23.280      -0.2441
  23.300      -0.0192
  23.320      -0.1914
  23.340      -0.0442
  23.360       0.2024
  23.380       0.1901
  23.400       0.1859
  23.420      -0.1669
  23.440      -0.1186
  23.460      -0.1788
  23.480      -0.1057
  23.500       0.1176
  23.520       0.1973
  23.540       0.0788
  23.560       0.2589
  23.580      -0.0023
  23.600      -0.1414
  23.620      -0.2236
  23.640      -0.1177
  23.660      -0.0138
  23.680      -0.1110
  23.700      -0.0820
  23.720      -0.1578
  23.740       0.2457
  23.760       0.2404
  23.780       0.1964
  23.800       0.1258
  23.820       0.1667
  23.840       0.0763
  23.860      -0.0619
  23.880      -0.2207
  23.900      -0.3213
  23.920      -0.4408
  23.940       0.0416
  23.960       0.2971
  23.980       0.1549
  24.000       0.0879
  24.020       0.1982
  24.040      -0.1180
  24.060      -0.2160
  24.080       0.0661
  24.100      -0.1831
  24.120       0.0160
  24.140       0.1028
  24.160       0.2204
  24.180       0.0471
  24.200      -0.0811
  24.220      -0.2401
  24.240      -0.0832
  24.260       0.0184
  24.280       0.1560
  24.300      -0.0156
  24.320       0.0776
  24.340      -0.0906
  24.360      -0.1299
  24.380       0.0305
  24.400      -0.0527
  24.420      -0.2204
  24.440       0.0123
  24.460      -0.1427
  24.480      -0.1144
  24.500       0.0363
  24.520       0.1169
  24.540       0.0110
  24.560      -0.0359
  24.580      -0.0446
  24.600      -0.0867
  24.620      -0.1442
  24.640      -0.2081
  24.660       0.2293
  24.680       0.1117
  24.700      -0.0144
  24.720      -0.0274
  24.740      -0.1408
  24.760       0.1415
  24.780       0.3612
  24.800       0.0213
  24.820       0.1434
  24.840      -0.2987
  24.860      -0.2455
  24.880      -0.0920
  24.900      -0.3802
  24.920      -0.0998
  24.940       0.2176
  24.960       0.3992
  24.980       0.1557
  25.000       0.2254
  25.020      -0.2061
  25.040      -0.1405
  25.060      -0.1841
  25.080       0.0320
  25.100       0.3719
  25.120       0.2405
  25.140      -0.3221
  25.160      -0.2911
  25.180      -0.0884
  25.200       0.2220
  25.220      -0.0722
  25.240      -0.0391
  25.260       0.0636
  25.280      -0.1493
  25.300       0.0598
  25.320      -0.0009
  25.340      -0.0429
  25.360      -0.2196
  25.380       0.2324
  25.400       0.2889
  25.420       0.2123
  25.440       0.0028
  25.460      -0.0754
  25.480      -0.0834
  25.500      -0.0439
  25.520       0.0255
  25.540      -0.1810
  25.560       0.1873
  25.580      -0.2282
  25.600      -0.1949
  25.620       0.1808
  25.640       0.0292
  25.660       0.0047
  25.680      -0.0838
  25.700      -0.0613
  25.720      -0.0717
  25.740      -0.1214
  25.760      -0.0219
  25.780      -0.0003
  25.800       0.1421
  25.820       0.0469
  25.840       0.0121
  25.860      -0.0255
  25.880      -0.0275
  25.900      -0.1136
  25.920      -0.0547
  25.940       0.1172
  25.960       0.3914
  25.980       0.1381
  26.000       0.0866
  26.020      -0.2162
  26.040      -0.3698
  26.060      -0.3171
  26.080      -0.2509
  26.100       0.0074
  26.120       0.1744
  26.140       0.1799
  26.160      -0.0452
  26.180      -0.0809
  26.200      -0.0012
  26.220       0.1570
  26.240       0.0877
  26.260       0.1563
  26.280       0.0396
  26.300      -0.1130
  26.320      -0.3098
  26.340      -0.0842
  26.360      -0.0511
  26.380       0.0902
  26.400       0.2725
  26.420       0.3236
  26.440       0.1223
  26.460      -0.1197
  26.480       0.1153
  26.500      -0.1751
  26.520      -0.2089
  26.540      -0.2370
  26.560      -0.1020
  26.580       0.0935
  26.600       0.1597
  26.620       0.2502
  26.640       0.3235
  26.660       0.2292
  26.680      -0.0505
  26.700      -0.0209
  26.720      -0.2250
  26.740      -0.2602
  26.760      -0.2181
  26.780       0.0541
  26.800      -0.0212
  26.820       0.2461
  26.840       0.2293
  26.860       0.0016
  26.880       0.2471
  26.900       0.0200
  26.920       0.0162
  26.940       0.2758
  26.960       0.2525
  26.980      -0.0371
  27.000      -0.0097
  27.020      -0.0517
  27.040      -0.2851
  27.060       0.0042
  27.080      -0.0231
  27.100       0.1109
  27.120      -0.0965
  27.140      -0.0072
  27.160      -0.0975
  27.180      -0.0467
  27.200      -0.0131
  27.220       0.0281
  27.240       0.0445
  27.260       0.0473
  27.280      -0.0223
  27.300      -0.0766
  27.320      -0.0886
  27.340       0.2083
  27.360       0.0255
  27.380       0.0028
  27.400      -0.1317
  27.420      -0.0006
  27.440       0.2182
  27.460       0.0835
  27.480       0.1096
  27.500       0.0043
  27.520      -0.2399
  27.540      -0.3085
  27.560       0.0500
  27.580       0.0557
  27.600       0.2563
  27.620       0.2853
  27.640       0.1485
  27.660      -0.2450
  27.680      -0.2718
  27.700      -0.1810
  27.720       0.0102
  27.740      -0.1935
  27.760      -0.1294
  27.780      -0.0290
  27.800       0.3238
  27.820       0.2453
  27.840       0.1378
  27.860      -0.0840
  27.880       0.0392
  27.900       0.0785
  27.920      -0.1310
  27.940      -0.1270
  27.960       0.0103
  27.980       0.0632
  28.000       0.0868
  28.020       0.0145
  28.040       0.0580
  28.060      -0.2535
  28.080      -0.0972
  28.100       0.1846
  28.120       0.3522
  28.140      -0.2218
  28.160      -0.1681
  28.180      -0.1182
  28.200       0.1292
  28.220      -0.0573
  28.240      -0.0808
  28.260       0.3312
  28.280       0.1772
  28.300       0.0761
  28.320      -0.0034
  28.340       0.0494
  28.360      -0.0641
  28.380      -0.1619
  28.400      -0.1747
  28.420      -0.0918
  28.440       0.0274
  28.460      -0.1361
  28.480       0.1020
  28.500       0.1961
  28.520       0.2549
  28.540       0.0710
  28.560       0.2400
  28.580      -0.2008
  28.600      -0.0008
  28.620      -0.0913
  28.640      -0.4339
  28.660      -0.3822
  28.680      -0.1050
  28.700       0.0998
  28.720       0.1086
  28.740      -0.0144
  28.760       0.1525
  28.780       0.1442
  28.800       0.0025
  28.820       0.0924
  28.840       0.2321
  28.860       0.2640
  28.880      -0.0626
  28.900      -0.3008
  28.920      -0.2713
  28.940      -0.2448
  28.960      -0.0381
  28.980       0.3068
  29.000       0.2291
  29.020       0.2486
  29.040       0.1712
  29.060       0.1106
  29.080      -0.0372
  29.100      -0.1534
  29.120      -0.1655
  29.140       0.2774
  29.160      -0.0821
  29.180      -0.0740
  29.200      -0.1434
  29.220       0.1227
  29.240       0.1133
  29.260       0.2151
  29.280       0.2554
  29.300       0.2181
  29.320      -0.0936
  29.340      -0.3541
  29.360      -0.2767
  29.380      -0.1086
  29.400       0.0785
  29.420       0.0976
  29.440       0.1668
  29.460      -0.0266
  29.480       0.1139
  29.500       0.0674
  29.520      -0.1062
  29.540      -0.2433
  29.560       0.0098
  29.580       0.0784
  29.600       0.0318
  29.620       0.0182
  29.640       0.3236
  29.660       0.0700
  29.680      -0.2326
  29.700      -0.2956
  29.720       0.0738
  29.740      -0.0171
  29.760      -0.0177
  29.780       0.1517
  29.800      -0.0664
  29.820       0.0245
  29.840      -0.0601
  29.860       0.0389
  29.880      -0.3347
  29.900       0.1225
  29.920       0.1677
  29.940       0.0375
  29.960      -0.1266
  29.980      -0.2397
  30.000       0.0899
  30.020       0.0446
  30.040       0.1704
  30.060      -0.1036
  30.080      -0.0994
  30.100       0.1469
  30.120      -0.1517
  30.140       0.2184
  30.160      -0.1507
  30.180      -0.0699
  30.200       0.0007
  30.220      -0.0599
  30.240      -0.1130
  30.260       0.0158
  30.280      -0.0532
  30.300      -0.1039
  30.320      -0.0676
  30.340       0.0809
  30.360      -0.1457
  30.380      -0.0604
  30.400      -0.0160
  30.420       0.2242
  30.440      -0.0212
  30.460       0.1357
  30.480      -0.2658
  30.500      -0.3002
  30.520       0.0131
  30.540       0.0866
  30.560       0.1735
  30.580      -0.0212
  30.600       0.3007
  30.620       0.1115
  30.640       0.0522
  30.660      -0.3132
  30.680      -0.0796
  30.700      -0.0738
  30.720      -0.2620
  30.740      -0.2906
  30.760      -0.0393
  30.780       0.0850
  30.800       0.1889
  30.820       0.0221
  30.840      -0.1034
  30.860       0.0557
  30.880       0.2673
  30.900      -0.2282
  30.920       0.0939
  30.940       0.0327
  30.960       0.1486
  30.980       0.0213
  31.000       0.0893
  31.020       0.4399
  31.040       0.1723
  31.060      -0.1514
  31.080      -0.2244
  31.100      -0.3029
  31.120      -0.3300
  31.140      -0.0274
  31.160       0.1238
  31.180       0.2220
  31.200      -0.2109
  31.220      -0.0883
  31.240      -0.1579
  31.260       0.1281
  31.280       0.2257
  31.300       0.0234
  31.320      -0.0024
  31.340      -0.2185
  31.360      -0.2276
  31.380       0.0635
  31.400       0.1286
  31.420       0.1367
  31.440       0.2437
  31.460       0.2253
  31.480      -0.0213
  31.500      -0.1463
  31.520      -0.0547
  31.540      -0.0274
  31.560      -0.2828
  31.580      -0.1638
  31.600       0.1308
  31.620       0.1510
  31.640      -0.0232
  31.660       0.0625
  31.680      -0.1691
  31.700      -0.2089
  31.720      -0.0061
  31.740      -0.3155
  31.760      -0.2529
  31.780      -0.2052
  31.800       0.0086
  31.820       0.2895
  31.840       0.1233
  31.860      -0.0163
  31.880      -0.1225
  31.900      -0.0668
  31.920       0.2432
  31.940       0.1316
  31.960       0.1916
  31.980       0.1607
  32.000       0.1451
  32.020      -0.1606
  32.040      -0.1557
  32.060      -0.3984
  32.080       0.1217
  32.100      -0.0711
  32.120       0.0231
  32.140      -0.2788
  32.160      -0.1398
  32.180      -0.0918
  32.200      -0.0042
  32.220       0.1567
  32.240       0.0577
  32.260      -0.0007
  32.280      -0.1065
  32.300      -0.1701
  32.320       0.1692
  32.340       0.2314
  32.360      -0.0642
  32.380      -0.2179
  32.400       0.1372
  32.420      -0.1519
  32.440       0.1284
  32.460       0.1127
  32.480       0.0875
  32.500       0.0043
  32.520      -0.2541
  32.540       0.0059
  32.560      -0.1203
  32.580      -0.0736
  32.600       0.0523
  32.620       0.0407
  32.640      -0.1223
  32.660      -0.0623
  32.680      -0.1676
  32.700      -0.0158
  32.720      -0.0345
  32.740       0.1155
  32.760      -0.1171
  32.780      -0.0138
  32.800      -0.2449
  32.820       0.1407
  32.840      -0.0544
  32.860       0.2481
  32.880       0.1184
  32.900       0.0219
  32.920      -0.1447
  32.940      -0.1201
  32.960       0.0520
  32.980       0.0569
  33.000      -0.1141
  33.020      -0.4706
  33.040       0.0074
  33.060       0.1875
  33.080       0.4018
  33.100       0.2094
  33.120       0.1726
  33.140      -0.0073
  33.160      -0.0875
  33.180      -0.0294
  33.200      -0.0687
  33.220       0.1304
  33.240      -0.1658
  33.260       0.0430
  33.280      -0.0683
  33.300       0.1990
  33.320       0.1850
  33.340       0.0462
  33.360      -0.3047
  33.380      -0.0000
  33.400       0.0541
  33.420       0.2154
  33.440       0.0643
  33.460       0.0257
  33.480       0.1363
  33.500       0.1368
  33.520       0.1459
  33.540      -0.0517
  33.560      -0.0886
  33.580      -0.1607
  33.600       0.0898
  33.620       0.1962
  33.640       0.4007
  33.660       0.0210
  33.680      -0.2089
  33.700      -0.0219
  33.720       0.1646
  33.740      -0.2703
  33.760      -0.2520
  33.780       0.0340
  33.800       0.1992
  33.820       0.0662
  33.840       0.0679
  33.860       0.0043
  33.880       0.2775
  33.900      -0.1827
  33.920      -0.1870
  33.940      -0.3433
  33.960      -0.2052
  33.980       0.2751
  34.000       0.1769
  34.020       0.5014
  34.040       0.1918
  34.060       0.2221
  34.080       0.0205
  34.100      -0.2569
  34.120      -0.0489
  34.140      -0.0827
  34.160      -0.1784
  34.180      -0.0229
  34.200       0.1786
  34.220       0.0545
  34.240      -0.3324
  34.260      -0.2376
  34.280      -0.0010
  34.300       0.1634
  34.320      -0.1737
  34.340      -0.0107
  34.360       0.0373
  34.380       0.0329
  34.400       0.0346
  34.420       0.2603
  34.440       0.1060
  34.460       0.0468
  34.480      -0.1133
  34.500      -0.1159
  34.520      -0.0125
  34.540       0.3181
  34.560       0.1065
  34.580      -0.0628
  34.600       0.1527
  34.620      -0.1136
  34.640      -0.0740
  34.660      -0.2080
  34.680      -0.0674
  34.700      -0.1754
  34.720       0.0720
  34.740      -0.1958
  34.760      -0.0807
  34.780      -0.1371
  34.800      -0.0082
  34.820       0.1846
  34.840       0.5101
  34.860       0.1573
  34.880      -0.0998
  34.900      -0.1245
  34.920      -0.0051
  34.940       0.1901
  34.960      -0.0359
  34.980      -0.0370
  35.000      -0.3610
  35.020      -0.0843
  35.040       0.2896
  35.060       0.0732
  35.080       0.0611
  35.100       0.0460
  35.120      -0.0658
  35.140      -0.1685
  35.160      -0.2073
  35.180      -0.2040
  35.200       0.0964
  35.220       0.2754
  35.240      -0.0056
  35.260       0.1404
  35.280       0.0784
  35.300       0.0374
  35.320      -0.3512
  35.340      -0.0585
  35.360       0.0952
  35.380      -0.0706
  35.400      -0.0152
  35.420      -0.0824
  35.440       0.0723
  35.460       0.1066
  35.480       0.2088
  35.500      -0.1794
  35.520      -0.0215
  35.540       0.0676
  35.560      -0.2400
  35.580      -0.1482
  35.600       0.0042
  35.620       0.0308
  35.640       0.1784
  35.660       0.1436
  35.680       0.2059
  35.700       0.0643
  35.720       0.1827
  35.740      -0.2500
  35.760      -0.1671
  35.780      -0.0425
  35.800       0.1770
  35.820       0.2134
  35.840      -0.0330
  35.860      -0.2960
  35.880      -0.1211
  35.900      -0.1971
  35.920      -0.1546
  35.940      -0.0048
  35.960       0.2307
  35.980       0.2100
  36.000       0.2178
  36.020      -0.1592
  36.040      -0.0089
  36.060       0.1188
  36.080      -0.0112
  36.100       0.0120
  36.120      -0.0496
  36.140       0.0230
  36.160      -0.1796
  36.180      -0.0870
  36.200      -0.2543
  36.220       0.0104
  36.240       0.1726
  36.260       0.2185
  36.280       0.0138
  36.300       0.0321
  36.320      -0.0384
  36.340      -0.1250
  36.360      -0.1409
  36.380      -0.1865
  36.400       0.2690
  36.420       0.3359
  36.440       0.1922
  36.460      -0.1518
  36.480      -0.0644
  36.500      -0.0314
  36.520      -0.0652
  36.540       0.0452
  36.560      -0.3453
  36.580      -0.3344
  36.600      -0.4116
  36.620      -0.5057
  36.640      -0.0854
  36.660       0.2222
  36.680       0.2047
  36.700       0.2056
  36.720       0.3705
  36.740       0.2356
  36.760       0.1000
  36.780      -0.3213
  36.800      -0.1551
  36.820      -0.0456
  36.840      -0.0645
  36.860       0.2309
  36.880      -0.0924
  36.900       0.0431
  36.920      -0.1051
  36.940      -0.2327
  36.960       0.0006
  36.980      -0.1564
  37.000       0.1793
  37.020       0.0725
  37.040       0.2362
  37.060       0.0615
  37.080      -0.1970
  37.100       0.0190
  37.120      -0.4053
  37.140      -0.2482
  37.160      -0.2419
  37.180       0.2933
  37.200       0.1147
  37.220      -0.0156
  37.240       0.3435
  37.260       0.1039
  37.280       0.2108
  37.300       0.0596
  37.320       0.0213
  37.340      -0.0086
  37.360      -0.0790
  37.380      -0.3097
  37.400      -0.2680
  37.420      -0.1828
  37.440       0.1131
  37.460       0.2512
  37.480      -0.0220
  37.500      -0.2222
  37.520      -0.0704
  37.540      -0.1054
  37.560       0.2520
  37.580       0.1982
  37.600       0.0584
  37.620      -0.3878
  37.640       0.0562
  37.660      -0.0603
  37.680       0.0323
  37.700      -0.2111
  37.720      -0.2295
  37.740       0.2925
  37.760       0.2718
  37.780       0.0641
  37.800      -0.1320
  37.820      -0.1885
  37.840       0.0075
  37.860       0.0574
  37.880       0.0226
  37.900      -0.2429
  37.920      -0.2841
  37.940      -0.0763
  37.960       0.0861
  37.980       0.2025
  38.000       0.3354
  38.020      -0.0445
  38.040      -0.2213
  38.060      -0.0751
  38.080      -0.1756
  38.100      -0.0194
  38.120       0.0972
  38.140      -0.0062
  38.160      -0.1571
  38.180       0.1574
  38.200       0.3793
  38.220       0.2812
  38.240      -0.1273
  38.260       0.0775
  38.280       0.1884
  38.300      -0.0150
  38.320      -0.2172
  38.340      -0.5402
  38.360      -0.3722
  38.380       0.1998
  38.400       0.2987
  38.420       0.2076
  38.440       0.1634
  38.460      -0.1658
  38.480      -0.0304
  38.500       0.1954
  38.520       0.3648
  38.540       0.1036
  38.560       0.0277
  38.580      -0.4262
  38.600      -0.0992
  38.620      -0.1651
  38.640       0.1052
  38.660       0.1672
  38.680       0.1457
  38.700      -0.0269
  38.720       0.1469
  38.740       0.2139
  38.760      -0.0906
  38.780      -0.1116
  38.800      -0.1167
  38.820      -0.0818
  38.840       0.1080
  38.860       0.1214
  38.880      -0.1919
  38.900      -0.0315
  38.920      -0.0627
  38.940      -0.0934
  38.960      -0.2553
  38.980       0.0909
  39.000       0.0452
  39.020       0.0026
  39.040       0.0838
  39.060       0.0280
  39.080       0.1521
  39.100       0.2877
  39.120       0.2312
  39.140       0.1914
  39.160      -0.0409
  39.180      -0.1871
  39.200      -0.3536
  39.220      -0.1044
  39.240      -0.1458
  39.260      -0.2623
  39.280      -0.1280
  39.300       0.1309
  39.320       0.0626
  39.340      -0.0164
  39.360      -0.1692
  39.380       0.0026
  39.400      -0.2778
  39.420       0.0679
  39.440       0.2697
  39.460       0.1364
  39.480       0.1314
  39.500       0.1850
  39.520       0.1552
  39.540      -0.0712
  39.560      -0.1554
  39.580      -0.1718
  39.600      -0.3379
  39.620      -0.1414
  39.640       0.0276
  39.660      -0.0223
  39.680      -0.1267
  39.700      -0.2718
  39.720      -0.1270
  39.740       0.1291
  39.760       0.1755
  39.780       0.4566
  39.800      -0.0005
  39.820      -0.2643
  39.840      -0.1385
  39.860       0.1396
  39.880       0.0589
  39.900      -0.1402
  39.920      -0.0128
  39.940       0.1173
  39.960       0.3364
  39.980       0.0511
  40.000       0.0810
  40.020      -0.0332
  40.040      -0.1744
  40.060      -0.3294
  40.080       0.0183
  40.100      -0.2293
  40.120      -0.2256
  40.140      -0.4263
  40.160      -0.1966
  40.180       0.0342
  40.200       0.1884
  40.220      -0.0090
  40.240       0.3148
  40.260       0.1383
  40.280       0.0794
  40.300       0.1006
  40.320       0.1237
  40.340      -0.0890
  40.360      -0.1142
  40.380      -0.1172
  40.400       0.0319
  40.420       0.0680
  40.440      -0.1397
  40.460       0.1950
  40.480       0.0724
  40.500       0.0060
  40.520      -0.3256
  40.540      -0.2820
  40.560      -0.3799
  40.580      -0.2639
  40.600       0.2190
  40.620       0.0276
  40.640       0.1951
  40.660       0.2205
  40.680       0.1753
  40.700      -0.0704
  40.720      -0.2233
  40.740      -0.4104
  40.760       0.1877
  40.780       0.4094
  40.800       0.4403
  40.820       0.1643
  40.840       0.1449
  40.860      -0.3111
  40.880      -0.4526
  40.900      -0.0671
  40.920      -0.2381
  40.940      -0.2173
  40.960      -0.2244
