#Freq.            VAC
   0.000       0.1049
   0.025       0.1071
   0.050       0.1069
   0.075       0.1080
   0.100       0.1078
   0.125       0.1041
   0.150       0.1139
   0.175       0.1130
   0.200       0.1044
   0.225       0.1108
   0.250       0.1096
   0.275       0.1151
   0.300       0.1077
   0.325       0.1104
   0.350       0.1097
   0.375       0.1128
   0.400       0.1145
   0.425       0.1168
   0.450       0.1085
   0.475       0.1083
   0.500       0.1126
   0.525       0.1118
   0.550       0.1112
   0.575       0.1101
   0.600       0.1113
   0.625       0.1113
   0.650       0.1108
   0.675       0.1114
   0.700       0.1169
   0.725       0.1123
   0.750       0.1165
   0.775       0.1174
   0.800       0.1143
   0.825       0.1163
   0.850       0.1148
   0.875       0.1156
   0.900       0.1168
   0.925       0.1167
   0.950       0.1143
   0.975       0.1158
   1.001       0.1172
   1.026       0.1192
   1.051       0.1173
   1.076       0.1189
   1.101       0.1198
   1.126       0.1198
   1.151       0.1202
   1.176       0.1235
   1.201       0.1211
   1.226       0.1222
   1.251       0.1232
   1.276       0.1245
   1.301       0.1239
   1.326       0.1260
   1.351       0.1278
   1.376       0.1277
   1.401       0.1258
   1.426       0.1319
   1.451       0.1269
   1.476       0.1326
   1.501       0.1315
   1.526       0.1313
   1.551       0.1335
   1.576       0.1333
   1.601       0.1352
   1.626       0.1353
   1.651       0.1384
   1.676       0.1409
   1.701       0.1412
   1.726       0.1403
   1.751       0.1401
   1.776       0.1406
   1.801       0.1448
   1.826       0.1384
   1.851       0.1477
   1.876       0.1503
   1.901       0.1524
   1.926       0.1555
   1.951       0.1462
   1.976       0.1524
   2.001       0.1568
   2.026       0.1488
   2.051       0.1489
   2.076       0.1539
   2.101       0.1593
   2.126       0.1591
   2.151       0.1639
   2.176       0.1654
   2.201       0.1712
   2.226       0.1577
   2.251       0.1548
   2.276       0.1610
   2.301       0.1629
   2.326       0.1651
   2.351       0.1568
   2.376       0.1608
   2.401       0.1665
   2.426       0.1664
   2.451       0.1726
   2.476       0.1643
   2.501       0.1711
   2.526       0.1641
   2.551       0.1710
   2.576       0.1688
   2.601       0.1771
   2.626       0.1861
   2.651       0.1885
   2.676       0.1724
   2.701       0.1881
   2.726       0.1889
   2.751       0.1839
   2.776       0.1927
   2.801       0.1944
   2.826       0.1929
   2.851       0.1793
   2.876       0.1934
   2.901       0.1884
   2.926       0.1961
   2.951       0.1754
   2.976       0.1956
   3.002       0.1951
   3.027       0.1889
   3.052       0.1995
   3.077       0.1980
   3.102       0.1874
   3.127       0.1976
   3.152       0.1956
   3.177       0.2042
   3.202       0.2108
   3.227       0.2031
   3.252       0.2055
   3.277       0.2141
   3.302       0.2026
   3.327       0.2038
   3.352       0.2131
   3.377       0.2024
   3.402       0.1946
   3.427       0.2027
   3.452       0.2204
   3.477       0.2078
   3.502       0.2049
   3.527       0.2133
   3.552       0.2130
   3.577       0.2078
   3.602       0.2182
   3.627       0.2181
   3.652       0.2068
   3.677       0.2198
   3.702       0.2119
   3.727       0.2269
   3.752       0.2188
   3.777       0.2442
   3.802       0.2208
   3.827       0.2119
   3.852       0.2253
   3.877       0.2156
   3.902       0.2224
   3.927       0.2298
   3.952       0.2316
   3.977       0.2352
   4.002       0.2335
   4.027       0.2345
   4.052       0.2346
   4.077       0.2341
   4.102       0.2391
   4.127       0.2360
   4.152       0.2222
   4.177       0.2423
   4.202       0.2381
   4.227       0.2309
   4.252       0.2608
   4.277       0.2217
   4.302       0.2381
   4.327       0.2375
   4.352       0.2473
   4.377       0.2410
   4.402       0.2407
   4.427       0.2528
   4.452       0.2337
   4.477       0.2370
   4.502       0.2364
   4.527       0.2403
   4.552       0.2306
   4.577       0.2494
   4.602       0.2440
   4.627       0.2474
   4.652       0.2458
   4.677       0.2429
   4.702       0.2518
   4.727       0.2518
   4.752       0.2670
   4.777       0.2356
   4.802       0.2508
   4.827       0.2475
   4.852       0.2447
   4.877       0.2575
   4.902       0.2493
   4.927       0.2588
   4.952       0.2527
   4.977       0.2420
   5.003       0.2513
   5.028       0.2687
   5.053       0.2639
   5.078       0.2618
   5.103       0.2568
   5.128       0.2613
   5.153       0.2530
   5.178       0.2537
   5.203       0.2581
   5.228       0.2560
   5.253       0.2625
   5.278       0.2564
   5.303       0.2688
   5.328       0.2649
   5.353       0.2642
   5.378       0.2521
   5.403       0.2602
   5.428       0.2642
   5.453       0.2588
   5.478       0.2588
   5.503       0.2448
   5.528       0.2606
   5.553       0.2509
   5.578       0.2671
   5.603       0.2735
   5.628       0.2742
   5.653       0.2648
   5.678       0.2496
   5.703       0.2657
   5.728       0.2629
   5.753       0.2781
   5.778       0.2604
   5.803       0.2712
   5.828       0.2451
   5.853       0.2779
   5.878       0.2543
   5.903       0.2720
   5.928       0.2560
   5.953       0.2399
   5.978       0.2714
   6.003       0.2732
   6.028       0.2584
   6.053       0.2648
   6.078       0.2675
   6.103       0.2618
   6.128       0.2839
   6.153       0.2612
   6.178       0.2627
   6.203       0.2703
   6.228       0.2650
   6.253       0.2636
   6.278       0.2590
   6.303       0.2586
   6.328       0.2666
   6.353       0.2559
   6.378       0.2444
   6.403       0.2606
   6.428       0.2618
   6.453       0.2494
   6.478       0.2635
   6.503       0.2573
   6.528       0.2790
   6.553       0.2569
   6.578       0.2735
   6.603       0.2693
   6.628       0.2630
   6.653       0.2515
   6.678       0.2530
   6.703       0.2443
   6.728       0.2569
   6.753       0.2694
   6.778       0.2542
   6.803       0.2690
   6.828       0.2540
   6.853       0.2520
   6.878       0.2651
   6.903       0.2461
   6.928       0.2714
   6.953       0.2407
   6.978       0.2572
   7.004       0.2624
   7.029       0.2600
   7.054       0.2581
   7.079       0.2429
   7.104       0.2552
   7.129       0.2472
   7.154       0.2483
   7.179       0.2484
   7.204       0.2504
   7.229       0.2517
   7.254       0.2533
   7.279       0.2522
   7.304       0.2554
   7.329       0.2588
   7.354       0.2540
   7.379       0.2606
   7.404       0.2505
   7.429       0.2625
   7.454       0.2422
   7.479       0.2548
   7.504       0.2510
   7.529       0.2487
   7.554       0.2473
   7.579       0.2426
   7.604       0.2561
   7.629       0.2578
   7.654       0.2499
   7.679       0.2478
   7.704       0.2455
   7.729       0.2445
   7.754       0.2594
   7.779       0.2594
   7.804       0.2397
   7.829       0.2433
   7.854       0.2556
   7.879       0.2467
   7.904       0.2382
   7.929       0.2518
   7.954       0.2406
   7.979       0.2543
   8.004       0.2457
   8.029       0.2511
   8.054       0.2450
   8.079       0.2479
   8.104       0.2524
   8.129       0.2530
   8.154       0.2571
   8.179       0.2450
   8.204       0.2404
   8.229       0.2504
   8.254       0.2460
   8.279       0.2488
   8.304       0.2392
   8.329       0.2503
   8.354       0.2468
   8.379       0.2440
   8.404       0.2255
   8.429       0.2505
   8.454       0.2529
   8.479       0.2460
   8.504       0.2399
   8.529       0.2372
   8.554       0.2438
   8.579       0.2390
   8.604       0.2388
   8.629       0.2499
   8.654       0.2376
   8.679       0.2373
   8.704       0.2229
   8.729       0.2485
   8.754       0.2483
   8.779       0.2363
   8.804       0.2386
   8.829       0.2389
   8.854       0.2430
   8.879       0.2389
   8.904       0.2399
   8.929       0.2411
   8.954       0.2515
   8.979       0.2526
   9.005       0.2520
   9.030       0.2547
   9.055       0.2380
   9.080       0.2352
   9.105       0.2449
   9.130       0.2461
   9.155       0.2265
   9.180       0.2442
   9.205       0.2219
   9.230       0.2328
   9.255       0.2436
   9.280       0.2344
   9.305       0.2429
   9.330       0.2420
   9.355       0.2278
   9.380       0.2414
   9.405       0.2393
   9.430       0.2250
   9.455       0.2280
   9.480       0.2271
   9.505       0.2323
   9.530       0.2161
   9.555       0.2257
   9.580       0.2313
   9.605       0.2384
   9.630       0.2434
   9.655       0.2329
   9.680       0.2358
   9.705       0.2365
   9.730       0.2352
   9.755       0.2387
   9.780       0.2361
   9.805       0.2358
   9.830       0.2282
   9.855       0.2320
   9.880       0.2389
   9.905       0.2302
   9.930       0.2392
   9.955       0.2385
   9.980       0.2238
  10.005       0.2327
  10.030       0.2302
  10.055       0.2322
  10.080       0.2185
  10.105       0.2263
  10.130       0.2190
  10.155       0.2290
  10.180       0.2193
  10.205       0.2208
  10.230       0.2261
  10.255       0.2256
  10.280       0.2216
  10.305       0.2259
  10.330       0.2247
  10.355       0.2189
  10.380       0.2236
  10.405       0.2189
  10.430       0.2240
  10.455       0.2201
  10.480       0.2197
  10.505       0.2248
  10.530       0.2220
  10.555       0.2253
  10.580       0.2188
  10.605       0.2284
  10.630       0.2206
  10.655       0.2139
  10.680       0.2149
  10.705       0.2270
  10.730       0.2144
  10.755       0.2186
  10.780       0.2206
  10.805       0.2323
  10.830       0.2231
  10.855       0.2208
  10.880       0.2160
  10.905       0.2192
  10.930       0.2156
  10.955       0.2062
  10.980       0.2174
  11.006       0.2136
  11.031       0.2159
  11.056       0.2085
  11.081       0.2084
  11.106       0.2176
  11.131       0.2165
  11.156       0.2158
  11.181       0.2132
  11.206       0.2228
  11.231       0.2086
  11.256       0.2115
  11.281       0.2014
  11.306       0.2090
  11.331       0.2050
  11.356       0.2068
  11.381       0.2166
  11.406       0.2159
  11.431       0.2088
  11.456       0.2142
  11.481       0.2187
  11.506       0.2100
  11.531       0.2134
  11.556       0.2168
  11.581       0.2189
  11.606       0.2145
  11.631       0.2097
  11.656       0.2151
  11.681       0.2040
  11.706       0.2091
  11.731       0.2082
  11.756       0.2082
  11.781       0.2114
  11.806       0.2140
  11.831       0.2080
  11.856       0.2120
  11.881       0.2033
  11.906       0.2113
  11.931       0.2084
  11.956       0.2171
  11.981       0.2150
  12.006       0.2090
  12.031       0.2033
  12.056       0.2120
  12.081       0.2071
  12.106       0.2149
  12.131       0.2112
  12.156       0.2131
  12.181       0.1975
  12.206       0.2067
  12.231       0.2055
  12.256       0.2123
  12.281       0.2144
  12.306       0.2053
  12.331       0.2002
  12.356       0.2136
  12.381       0.2135
  12.406       0.2092
  12.431       0.2095
  12.456       0.2080
  12.481       0.2029
  12.506       0.2082
  12.531       0.2120
  12.556       0.2067
  12.581       0.2089
  12.606       0.2067
  12.631       0.2032
  12.656       0.2076
  12.681       0.2169
  12.706       0.2108
  12.731       0.2017
  12.756       0.2034
  12.781       0.2029
  12.806       0.1964
  12.831       0.2090
  12.856       0.2068
  12.881       0.1994
  12.906       0.2066
  12.931       0.2067
  12.956       0.2063
  12.981       0.2112
  13.007       0.2004
  13.032       0.2103
  13.057       0.2087
  13.082       0.2020
  13.107       0.2049
  13.132       0.2082
  13.157       0.2059
  13.182       0.2025
  13.207       0.2025
  13.232       0.2060
  13.257       0.2062
  13.282       0.2084
  13.307       0.2032
  13.332       0.2083
  13.357       0.2154
  13.382       0.2011
  13.407       0.2121
  13.432       0.2068
  13.457       0.2109
  13.482       0.2092
  13.507       0.2098
  13.532       0.2094
  13.557       0.2071
  13.582       0.2025
  13.607       0.2119
  13.632       0.2106
  13.657       0.2070
  13.682       0.2103
  13.707       0.2016
  13.732       0.2062
  13.757       0.2142
  13.782       0.2018
  13.807       0.2015
  13.832       0.1986
  13.857       0.2113
  13.882       0.2054
  13.907       0.2055
  13.932       0.2069
  13.957       0.2024
  13.982       0.2039
  14.007       0.2040
  14.032       0.2068
  14.057       0.2010
  14.082       0.2092
  14.107       0.2052
  14.132       0.2059
  14.157       0.2053
  14.182       0.2125
  14.207       0.2052
  14.232       0.2049
  14.257       0.2081
  14.282       0.2049
  14.307       0.2049
  14.332       0.2043
  14.357       0.2030
  14.382       0.2071
  14.407       0.2037
  14.432       0.2037
  14.457       0.2099
  14.482       0.2071
  14.507       0.2012
  14.532       0.2033
  14.557       0.2043
  14.582       0.2072
  14.607       0.2019
  14.632       0.2084
  14.657       0.2003
  14.682       0.2067
  14.707       0.2023
  14.732       0.2111
  14.757       0.2069
  14.782       0.2032
  14.807       0.2021
  14.832       0.2060
  14.857       0.2002
  14.882       0.2022
  14.907       0.2072
  14.932       0.2032
  14.957       0.2038
  14.982       0.2111
  15.008       0.2077
  15.033       0.2067
  15.058       0.2075
  15.083       0.2066
  15.108       0.2067
  15.133       0.2057
  15.158       0.2063
  15.183       0.2056
  15.208       0.2042
  15.233       0.2045
  15.258       0.2112
  15.283       0.2034
  15.308       0.2033
  15.333       0.2080
  15.358       0.2014
  15.383       0.2098
  15.408       0.2041
  15.433       0.2089
  15.458       0.2070
  15.483       0.2069
  15.508       0.2098
  15.533       0.2080
  15.558       0.2067
  15.583       0.2058
  15.608       0.2077
  15.633       0.2072
  15.658       0.2045
  15.683       0.2086
  15.708       0.2061
  15.733       0.2046
  15.758       0.2089
  15.783       0.2136
  15.808       0.2099
  15.833       0.2049
  15.858       0.2046
  15.883       0.2082
  15.908       0.2036
  15.933       0.2030
  15.958       0.2138
  15.983       0.2081
  16.008       0.2015
  16.033       0.2065
  16.058       0.2016
  16.083       0.2072
  16.108       0.2046
  16.133       0.2071
  16.158       0.2077
  16.183       0.2050
  16.208       0.2090
  16.233       0.2060
  16.258       0.2065
  16.283       0.2070
  16.308       0.2020
  16.333       0.2096
  16.358       0.2026
  16.383       0.2073
  16.408       0.2086
  16.433       0.2116
  16.458       0.2044
  16.483       0.2075
  16.508       0.2074
  16.533       0.2077
  16.558       0.2071
  16.583       0.1993
  16.608       0.2061
  16.633       0.2043
  16.658       0.2049
  16.683       0.2054
  16.708       0.2042
  16.733       0.2065
  16.758       0.2064
  16.783       0.2062
  16.808       0.2113
  16.833       0.2079
  16.858       0.2054
  16.883       0.2085
  16.908       0.2107
  16.933       0.2061
  16.958       0.2061
  16.983       0.2049
  17.009       0.2016
  17.034       0.2075
  17.059       0.2078
  17.084       0.2068
  17.109       0.2042
  17.134       0.2052
  17.159       0.2053
  17.184       0.2048
  17.209       0.2070
  17.234       0.2082
  17.259       0.2045
  17.284       0.2053
  17.309       0.2103
  17.334       0.2098
  17.359       0.2041
  17.384       0.2079
  17.409       0.2052
  17.434       0.2060
  17.459       0.2087
  17.484       0.2054
  17.509       0.2097
  17.534       0.2052
  17.559       0.2064
  17.584       0.2126
  17.609       0.2084
  17.634       0.2110
  17.659       0.2069
  17.684       0.2078
  17.709       0.2112
  17.734       0.2039
  17.759       0.2071
  17.784       0.2115
  17.809       0.2076
  17.834       0.2066
  17.859       0.2100
  17.884       0.2064
  17.909       0.2058
  17.934       0.2101
  17.959       0.2053
  17.984       0.2078
  18.009       0.2125
  18.034       0.2131
  18.059       0.1995
  18.084       0.2083
  18.109       0.2041
  18.134       0.2078
  18.159       0.2061
  18.184       0.2113
  18.209       0.2078
  18.234       0.2030
  18.259       0.2134
  18.284       0.2039
  18.309       0.2036
  18.334       0.2020
  18.359       0.2066
  18.384       0.2116
  18.409       0.2068
  18.434       0.2126
  18.459       0.2105
  18.484       0.2080
  18.509       0.2107
  18.534       0.2073
  18.559       0.2128
  18.584       0.2105
  18.609       0.2023
  18.634       0.2105
  18.659       0.2076
  18.684       0.2087
  18.709       0.2087
  18.734       0.2092
  18.759       0.2102
  18.784       0.2022
  18.809       0.2066
  18.834       0.2094
  18.859       0.2103
  18.884       0.2082
  18.909       0.2083
  18.934       0.2059
  18.959       0.2070
  18.984       0.2069
  19.010       0.2089
  19.035       0.2021
  19.060       0.2071
  19.085       0.2102
  19.110       0.2132
  19.135       0.2100
  19.160       0.2085
  19.185       0.2140
  19.210       0.2105
  19.235       0.2064
  19.260       0.2084
  19.285       0.2084
  19.310       0.2087
  19.335       0.2066
  19.360       0.2081
  19.385       0.2084
  19.410       0.2104
  19.435       0.2068
  19.460       0.2110
  19.485       0.2081
  19.510       0.2099
  19.535       0.2078
  19.560       0.2119
  19.585       0.2117
  19.610       0.2054
  19.635       0.2045
  19.660       0.2120
  19.685       0.2069
  19.710       0.2081
  19.735       0.2023
  19.760       0.2059
  19.785       0.2092
  19.810       0.2071
  19.835       0.2092
  19.860       0.2104
  19.885       0.2119
  19.910       0.2074
  19.935       0.2049
  19.960       0.2061
  19.985       0.2116
  20.010       0.2045
  20.035       0.2100
  20.060       0.2085
  20.085       0.2157
  20.110       0.2118
  20.135       0.2097
  20.160       0.2110
  20.185       0.2055
  20.210       0.2051
  20.235       0.2073
  20.260       0.2026
  20.285       0.2130
  20.310       0.2091
  20.335       0.2029
  20.360       0.2090
  20.385       0.2062
  20.410       0.2092
  20.435       0.2093
  20.460       0.2000
  20.485       0.2119
  20.510       0.2064
  20.535       0.2135
  20.560       0.2060
  20.585       0.2148
  20.610       0.2134
  20.635       0.2100
  20.660       0.2106
  20.685       0.2096
  20.710       0.2134
  20.735       0.2060
  20.760       0.2078
  20.785       0.2059
  20.810       0.2081
  20.835       0.2111
  20.860       0.2079
  20.885       0.2122
  20.910       0.2052
  20.935       0.2095
  20.960       0.2098
  20.985       0.2143
  21.011       0.2074
  21.036       0.2099
  21.061       0.2093
  21.086       0.2102
  21.111       0.2148
  21.136       0.2106
  21.161       0.2132
  21.186       0.2057
  21.211       0.2104
  21.236       0.2030
  21.261       0.2022
  21.286       0.2131
  21.311       0.2105
  21.336       0.2162
  21.361       0.2057
  21.386       0.2107
  21.411       0.2113
  21.436       0.2068
  21.461       0.2062
  21.486       0.2103
  21.511       0.2062
  21.536       0.2075
  21.561       0.2104
  21.586       0.2126
  21.611       0.2151
  21.636       0.2072
  21.661       0.2099
  21.686       0.2155
  21.711       0.2052
  21.736       0.2072
  21.761       0.2039
  21.786       0.2148
  21.811       0.2115
  21.836       0.2154
  21.861       0.2133
  21.886       0.2129
  21.911       0.2056
  21.936       0.2133
  21.961       0.2075
  21.986       0.2027
  22.011       0.2074
  22.036       0.2057
  22.061       0.2160
  22.086       0.2010
  22.111       0.2122
  22.136       0.2089
  22.161       0.2139
  22.186       0.2096
  22.211       0.2051
  22.236       0.2065
  22.261       0.2057
  22.286       0.2093
  22.311       0.2069
  22.336       0.2100
  22.361       0.2059
  22.386       0.2125
  22.411       0.2117
  22.436       0.2096
  22.461       0.2070
  22.486       0.2087
  22.511       0.2099
  22.536       0.2134
  22.561       0.2119
  22.586       0.2096
  22.611       0.2063
  22.636       0.2132
  22.661       0.2088
  22.686       0.2125
  22.711       0.2121
  22.736       0.2053
  22.761       0.2073
  22.786       0.2097
  22.811       0.2101
  22.836       0.2116
  22.861       0.2125
  22.886       0.2113
  22.911       0.2095
  22.936       0.2083
  22.961       0.2185
  22.986       0.2012
  23.012       0.2128
  23.037       0.2122
  23.062       0.2078
  23.087       0.2081
  23.112       0.2096
  23.137       0.2095
  23.162       0.2183
  23.187       0.2153
  23.212       0.2126
  23.237       0.2063
  23.262       0.2106
  23.287       0.2093
  23.312       0.2120
  23.337       0.2067
  23.362       0.2074
  23.387       0.2070
  23.412       0.2147
  23.437       0.2087
  23.462       0.2110
  23.487       0.2085
  23.512       0.2153
  23.537       0.2108
  23.562       0.2144
  23.587       0.2090
  23.612       0.2078
  23.637       0.2078
  23.662       0.2152
  23.687       0.2095
  23.712       0.2111
  23.737       0.2010
  23.762       0.2086
  23.787       0.2093
  23.812       0.2076
  23.837       0.2087
  23.862       0.2027
  23.887       0.2113
  23.912       0.2107
  23.937       0.2116
  23.962       0.2098
  23.987       0.2134
  24.012       0.2020
  24.037       0.2047
  24.062       0.2060
  24.087       0.2108
  24.112       0.2020
  24.137       0.2153
  24.162       0.2103
  24.187       0.2107
  24.212       0.2088
  24.237       0.2053
  24.262       0.2186
  24.287       0.2102
  24.312       0.2085
  24.337       0.2070
  24.362       0.2159
  24.387       0.2089
  24.412       0.2147
  24.437       0.2036
  24.462       0.2059
  24.487       0.2105
  24.512       0.2108
  24.537       0.2079
  24.562       0.2061
  24.587       0.2103
  24.612       0.2103
  24.637       0.2067
  24.662       0.2112
  24.687       0.2083
  24.712       0.2136
  24.737       0.2104
  24.762       0.2071
  24.787       0.2065
  24.812       0.2114
  24.837       0.2114
  24.862       0.2044
  24.887       0.2106
  24.912       0.2096
  24.937       0.2075
  24.962       0.2091
  24.987       0.2051
